DM Sigma Time Sample Downfact
0.00 5.23 0.055851 853 1
0.00 11.37 0.058339 891 9
0.00 7.66 0.08872 1355 9
0.00 6.93 0.149548 2284 14
0.00 10.19 0.179732 2745 9
0.00 9.33 0.209982 3207 14
0.00 8.06 0.240167 3668 14
0.00 9.61 0.27022 4127 9
0.00 7.31 0.300208 4585 9
0.00 5.10 0.328494 5017 1
0.00 7.29 0.330327 5045 6
0.00 9.71 0.391155 5974 14
0.00 6.51 0.391679 5982 14
0.00 10.21 0.421339 6435 6
0.00 5.19 0.458988 7010 1
0.00 9.55 0.482036 7362 14
0.00 9.90 0.54247 8285 6
0.00 8.63 0.57272 8747 6
0.00 8.49 0.602643 9204 6
0.00 5.55 0.723381 11048 9
0.00 7.66 0.783946 11973 14
0.00 6.58 0.844381 12896 14
0.00 5.71 0.898399 13721 100
0.00 5.39 0.904619 13816 14
0.00 10.63 0.934411 14271 9
0.00 6.57 0.934738 14276 9
0.00 6.18 0.943381 14408 70
0.00 7.02 0.964661 14733 4
0.00 7.29 0.992619 15160 100
0.00 10.25 1.054756 16109 14
0.00 5.47 1.085006 16571 14
0.00 10.66 1.11519 17032 14
0.00 8.26 1.145244 17491 9
0.00 5.47 1.145571 17496 9
0.00 6.67 1.206071 18420 2
0.00 5.89 1.236714 18888 14
0.00 10.46 1.297738 19820 14
0.00 5.62 1.335714 20400 70
0.00 6.70 1.358958 20755 30
0.00 8.23 1.389405 21220 30
0.00 8.70 1.419196 21675 14
0.00 7.39 1.449119 22132 4
0.00 10.85 1.479631 22598 14
0.00 5.70 1.480155 22606 14
0.00 7.33 1.493054 22803 100
0.00 8.73 1.509554 23055 14
0.00 7.45 1.539869 23518 9
0.00 5.39 1.546024 23612 45
0.00 8.80 1.57025 23982 14
0.00 7.72 1.591333 24304 100
0.00 5.01 1.594673 24355 100
0.00 6.22 1.600238 24440 4
0.00 11.70 1.630815 24907 14
0.00 12.70 1.661327 25373 20
0.00 9.76 1.691905 25840 14
0.00 8.33 1.722089 26301 9
0.00 5.15 1.722417 26306 9
0.00 6.56 1.73119 26440 100
0.00 9.95 1.780494 27193 100
0.00 6.43 1.827179 27906 100
0.00 6.12 1.84669 28204 100
0.00 5.47 1.874125 28623 14
0.00 5.78 1.90431 29084 14
0.00 8.53 1.934756 29549 9
0.00 7.74 1.994929 30468 20
0.00 11.85 2.025637 30937 14
0.00 5.76 2.055494 31393 4
0.00 11.01 2.116583 32326 14
0.00 6.42 2.117107 32334 14
0.00 5.95 2.176821 33246 9
0.00 10.93 2.207071 33708 14
0.00 9.21 2.237518 34173 9
0.00 10.01 2.26744 34630 9
0.00 6.61 2.267768 34635 9
0.00 6.13 2.297952 35096 6
0.00 11.65 2.328792 35567 9
0.00 8.15 2.359696 36039 6
0.00 5.48 2.390536 36510 3
0.00 10.92 2.42144 36982 9
0.00 5.90 2.421768 36987 9
0.00 8.62 2.45228 37453 9
0.00 5.23 2.452607 37458 6
0.00 9.39 2.513827 38393 6
0.00 6.40 2.544536 38862 20
0.00 13.58 2.575179 39330 14
0.00 10.20 2.605625 39795 14
0.00 8.62 2.635613 40253 9
0.00 6.65 2.666321 40722 14
0.00 8.95 2.696899 41189 14
0.00 6.40 2.727476 41656 14
0.00 9.36 2.757923 42121 14
0.00 10.29 2.788565 42589 9
0.00 7.89 2.818946 43053 14
0.00 5.07 2.879119 43972 6
0.00 6.17 2.909369 44434 9
0.00 9.56 2.939619 44896 20
0.00 7.04 2.969804 45357 9
0.00 6.84 3.000119 45820 9
0.00 5.78 3.030238 46280 9
0.00 11.75 3.121315 47671 14
0.00 11.22 3.151304 48129 9
0.00 6.19 3.151631 48134 9
0.00 6.99 3.181357 48588 4
0.00 12.43 3.211673 49051 14
0.00 11.34 3.271452 49964 6
0.00 7.07 3.271714 49968 6
0.00 13.02 3.301768 50427 9
0.00 9.34 3.331821 50886 9
0.00 7.64 3.362137 51349 14
0.00 7.40 3.39206 51806 6
0.00 6.08 3.45256 52730 3
0.00 7.26 3.482875 53193 6
0.00 11.41 3.512929 53652 9
0.00 6.37 3.513256 53657 9
0.00 9.03 3.543113 54113 14
0.00 6.56 3.573429 54576 9
0.00 6.30 3.603482 55035 14
0.00 10.60 3.633863 55499 14
0.00 10.81 3.663982 55959 14
0.00 5.04 3.690958 56371 1
0.00 7.44 3.694167 56420 9
0.00 10.54 3.724548 56884 14
0.00 7.98 3.754929 57348 14
0.00 5.19 3.815232 58269 14
0.00 15.16 3.845482 58731 14
0.00 8.54 3.875339 59187 9
0.00 11.71 3.905589 59649 14
0.00 5.74 3.935446 60105 9
0.00 7.58 3.965435 60563 4
0.00 8.82 3.995619 61024 6
0.00 11.97 4.025804 61485 14
0.00 7.59 4.055661 61941 9
0.00 9.20 4.116095 62864 14
0.00 13.49 4.176595 63788 14
0.00 12.10 4.206976 64252 14
0.00 5.76 4.237161 64713 9
0.00 7.54 4.267738 65180 14
0.00 9.72 4.298512 65650 14
0.00 6.79 4.299036 65658 14
0.00 11.74 4.3285 66108 9
0.00 11.56 4.389655 67042 14
0.00 11.34 4.419774 67502 14
0.00 7.01 4.449762 67960 14
0.00 6.97 4.479946 68421 14
0.00 13.04 4.539988 69338 14
0.00 5.40 4.540512 69346 14
0.00 13.46 4.600161 70257 14
0.00 8.32 4.630214 70716 14
0.00 8.23 4.690125 71631 9
0.00 5.10 4.690452 71636 9
0.00 9.40 4.720179 72090 6
0.00 9.07 4.750429 72552 9
0.00 7.59 4.780351 73009 14
0.00 13.18 4.900238 74840 14
0.00 13.95 4.930488 75302 14
0.00 5.82 4.931012 75310 14
0.00 8.90 4.960673 75763 14
0.00 7.12 4.990857 76224 9
0.00 5.28 4.999304 76353 70
0.00 7.24 5.021369 76690 14
0.00 8.26 5.051685 77153 6
0.00 13.56 5.082262 77620 14
0.00 13.15 5.112577 78083 9
0.00 5.49 5.113101 78091 14
0.00 8.86 5.142958 78547 14
0.00 5.80 5.143482 78555 14
0.00 7.40 5.173732 79017 14
0.00 10.38 5.204048 79480 14
0.00 7.50 5.26481 80408 6
0.00 9.81 5.295387 80875 14
0.00 5.66 5.295911 80883 14
0.00 6.33 5.326095 81344 14
0.00 8.33 5.356607 81810 6
0.00 8.10 5.387446 82281 9
0.00 5.99 5.418613 82757 6
0.00 6.49 5.449911 83235 9
0.00 8.31 5.480685 83705 14
0.00 6.83 5.541708 84637 9
0.00 6.07 5.572351 85105 4
0.00 6.89 5.602732 85569 9
0.00 8.65 5.633179 86034 9
0.00 6.00 5.633506 86039 9
0.00 8.47 5.664018 86505 6
0.00 6.31 5.69453 86971 14
0.00 10.09 5.724976 87436 9
0.00 7.14 5.755554 87903 9
0.00 9.31 5.816839 88839 14
0.00 12.30 5.847613 89309 9
0.00 5.89 5.908702 90242 14
0.00 5.36 5.938887 90703 2
0.00 5.33 5.969595 91172 14
0.00 8.09 6.030946 92109 9
0.00 10.59 6.061262 92572 9
0.00 5.31 6.091905 93040 100
0.00 5.39 6.137673 93739 100
0.00 5.06 6.153518 93981 3
0.00 8.69 6.185732 94473 100
0.00 9.93 6.215262 94924 14
0.00 8.02 6.232613 95189 100
0.00 6.26 6.279363 95903 100
0.00 6.21 6.307649 96335 14
0.00 5.89 6.328405 96652 150
0.00 6.40 6.374042 97349 45
0.00 10.48 6.400429 97752 9
0.00 5.95 6.421708 98077 100
0.00 8.17 6.431726 98230 14
0.00 5.76 6.475792 98903 100
0.00 9.72 6.493732 99177 9
0.00 8.66 6.524506 99647 30
0.00 5.72 6.525554 99663 30
0.00 7.53 6.555476 100120 9
0.00 5.62 6.57597 100433 100
0.00 12.10 6.586446 100593 9
0.00 6.94 6.616762 101056 9
0.00 5.87 6.617286 101064 14
0.00 9.44 6.678506 101999 14
0.00 5.78 6.708952 102464 9
0.00 8.10 6.739399 102929 9
0.00 11.23 6.769911 103395 20
0.00 6.67 6.783661 103605 70
0.00 10.23 6.80003 103855 6
0.00 6.63 6.800292 103859 6
0.00 10.97 6.828185 104285 100
0.00 8.69 6.831655 104338 100
0.00 5.80 6.860726 104782 4
0.00 6.97 6.890714 105240 6
0.00 9.38 6.92103 105703 70
0.00 11.37 6.951542 106169 9
0.00 9.13 6.968631 106430 100
0.00 9.01 6.981792 106631 14
0.00 7.66 7.015119 107140 100
0.00 6.72 7.063113 107873 100
0.00 12.53 7.072804 108021 14
0.00 12.07 7.103381 108488 14
0.00 7.74 7.133958 108955 14
0.00 9.13 7.163946 109413 9
0.00 5.70 7.164274 109418 6
0.00 7.01 7.225232 110349 14
0.00 6.03 7.255679 110814 14
0.00 11.67 7.286256 111281 9
0.00 6.17 7.286583 111286 9
0.00 11.26 7.316637 111745 14
0.00 7.11 7.317161 111753 14
0.00 8.38 7.377333 112672 9
0.00 10.26 7.407976 113140 14
0.00 7.81 7.438292 113603 6
0.00 14.39 7.469196 114075 14
0.00 11.49 7.499512 114538 9
0.00 5.77 7.499839 114543 9
0.00 7.80 7.529958 115003 6
0.00 8.76 7.560732 115473 9
0.00 8.10 7.591244 115939 9
0.00 10.06 7.621625 116403 6
0.00 6.25 7.683369 117346 9
0.00 7.85 7.713488 117806 14
0.00 5.44 7.744065 118273 14
0.00 6.61 7.774774 118742 20
0.00 6.11 7.80581 119216 9
0.00 8.47 7.836518 119685 14
0.00 6.61 7.867292 120155 20
0.00 5.13 7.898065 120625 6
0.00 8.69 7.928512 121090 14
0.00 7.61 7.958893 121554 9
0.00 8.43 7.989274 122018 4
0.00 9.39 8.01972 122483 6
0.00 5.80 8.019982 122487 6
0.00 8.19 8.05056 122954 9
0.00 11.55 8.080613 123413 14
0.00 7.91 8.111125 123879 14
0.00 5.28 8.170446 124785 45
0.00 8.11 8.20194 125266 14
0.00 7.33 8.23206 125726 3
0.00 7.93 8.262244 126187 2
0.00 8.45 8.293018 126657 14
0.00 8.24 8.323006 127115 9
0.00 6.77 8.383833 128044 14
0.00 9.28 8.474976 129436 14
0.00 8.99 8.535607 130362 14
0.00 7.12 8.596827 131297 6
0.00 5.75 8.657524 132224 14
0.00 7.93 8.688036 132690 9
0.00 6.63 8.718155 133150 6
0.00 11.81 8.748863 133619 14
0.00 5.34 8.804649 134471 1
0.00 5.07 8.809429 134544 3
0.00 9.21 8.839482 135003 9
0.00 11.36 8.869601 135463 6
0.00 5.04 8.899982 135927 14
0.00 8.85 8.930429 136392 14
0.00 5.24 8.930952 136400 14
0.00 9.74 8.960744 136855 14
0.00 10.25 8.990732 137313 9
0.00 9.31 9.021048 137776 9
0.00 6.56 9.051232 138237 14
0.00 9.58 9.081417 138698 14
0.00 10.55 9.111536 139158 14
0.00 10.48 9.14172 139619 14
0.00 12.82 9.171315 140071 14
0.00 6.13 9.171839 140079 14
0.00 6.27 9.201304 140529 9
0.00 6.56 9.231423 140989 14
0.00 6.15 9.247137 141229 1
0.00 7.23 9.261018 141441 3
0.00 6.48 9.291464 141906 14
0.00 6.30 9.321911 142371 6
0.00 7.07 9.381887 143287 9
0.00 9.44 9.472702 144674 9
0.00 13.97 9.503214 145140 14
0.00 6.41 9.503738 145148 14
0.00 5.51 9.534185 145613 14
0.00 7.11 9.564107 146070 9
0.00 8.47 9.594685 146537 9
0.00 5.95 9.625655 147010 9
0.00 6.65 9.655643 147468 9
0.00 11.76 9.686482 147939 9
0.00 10.48 9.716798 148402 14
0.00 8.19 9.747179 148866 14
0.00 11.24 9.777363 149327 14
0.00 6.57 9.807482 149787 6
0.00 11.29 9.837994 150253 6
0.00 5.66 9.838256 150257 6
0.00 10.91 9.868571 150720 9
0.00 10.51 9.898952 151184 14
0.00 7.08 9.929399 151649 14
0.00 5.87 9.959845 152114 6
0.00 9.90 9.990815 152587 14
0.00 7.68 10.021524 153056 9
0.00 5.06 10.054393 153558 70
0.00 10.35 10.083464 154002 9
0.00 8.44 10.114238 154472 9
0.00 10.00 10.144946 154941 9
0.00 9.48 10.206101 155875 14
0.00 14.63 10.236679 156342 14
0.00 6.91 10.266929 156804 14
0.00 7.69 10.297506 157271 6
0.00 7.44 10.32828 157741 9
0.00 9.81 10.359577 158219 14
0.00 8.86 10.390351 158689 6
0.00 8.19 10.421976 159172 9
0.00 11.72 10.453143 159648 14
0.00 8.23 10.483917 160118 6
0.00 8.23 10.515149 160595 9
0.00 5.19 10.571851 161461 70
0.00 6.47 10.608125 162015 6
0.00 10.14 10.637917 162470 9
0.00 7.14 10.668363 162935 14
0.00 5.27 10.698548 163396 6
0.00 9.50 10.759244 164323 14
0.00 10.06 10.819744 165247 9
0.00 12.70 10.849994 165709 14
0.00 7.23 10.880113 166169 14
0.00 5.48 10.910429 166632 14
0.00 8.60 10.940286 167088 9
0.00 5.41 10.970732 167553 9
0.00 5.38 11.030315 168463 6
0.00 6.73 11.060173 168919 9
0.00 8.68 11.090226 169378 14
0.00 8.18 11.120476 169840 9
0.00 5.84 11.120804 169845 9
0.00 10.14 11.150464 170298 14
0.00 5.32 11.150988 170306 14
0.00 9.19 11.18078 170761 9
0.00 10.01 11.211292 171227 14
0.00 6.90 11.223994 171421 100
0.00 7.56 11.241607 171690 20
0.00 10.58 11.272315 172159 14
0.00 5.46 11.31769 172852 100
0.00 11.69 11.33275 173082 14
0.00 12.39 11.363262 173548 14
0.00 10.01 11.393446 174009 14
0.00 9.26 11.423435 174467 9
0.00 7.31 11.457679 174990 150
0.00 8.19 11.483542 175385 9
0.00 8.01 11.505018 175713 70
0.00 5.03 11.507375 175749 70
0.00 9.51 11.513923 175849 6
0.00 9.61 11.543911 176307 14
0.00 6.91 11.555893 176490 100
0.00 11.67 11.574226 176770 14
0.00 8.63 11.604804 177237 14
0.00 9.79 11.635119 177700 9
0.00 6.27 11.657643 178044 45
0.00 5.70 11.665631 178166 4
0.00 10.44 11.696667 178640 9
0.00 5.70 11.707863 178811 70
0.00 12.36 11.726917 179102 9
0.00 8.36 11.758149 179579 30
0.00 7.25 11.788202 180038 14
0.00 5.72 11.81053 180379 150
0.00 5.05 11.859833 181132 100
0.00 9.92 11.879738 181436 14
0.00 9.17 11.910054 181899 9
0.00 5.36 11.940958 182371 9
0.00 5.70 11.957065 182617 100
0.00 8.53 11.971077 182831 9
0.00 13.79 12.001851 183301 14
0.00 6.95 12.002375 183309 14
0.00 6.69 12.005714 183360 70
0.00 8.90 12.063202 184238 14
0.00 10.53 12.093452 184700 6
0.00 5.30 12.094107 184710 6
0.00 7.62 12.143083 185458 100
0.00 8.77 12.155131 185642 14
0.00 6.59 12.216286 186576 9
0.00 12.28 12.246994 187045 9
0.00 7.98 12.247321 187050 9
0.00 7.40 12.277768 187515 14
0.00 7.74 12.308476 187984 14
0.00 9.98 12.339381 188456 14
0.00 10.50 12.370155 188926 14
0.00 5.19 12.401125 189399 6
0.00 10.61 12.462542 190337 9
0.00 7.93 12.49325 190806 9
0.00 7.07 12.523958 191275 9
0.00 9.88 12.58544 192214 14
0.00 6.20 12.646595 193148 9
0.00 6.03 12.677304 193617 9
0.00 7.22 12.738917 194558 9
0.00 7.18 12.769756 195029 6
0.00 8.33 12.800726 195502 3
0.00 10.44 12.831696 195975 6
0.00 5.31 12.831958 195979 6
0.00 7.13 12.862274 196442 6
0.00 10.32 12.893375 196917 14
0.00 5.18 12.924345 197390 9
0.00 11.78 12.95453 197851 6
0.00 5.18 12.982161 198273 1
0.00 9.94 12.985631 198326 14
0.00 8.84 13.015685 198785 9
0.00 10.10 13.046262 199252 9
0.00 5.98 13.076577 199715 9
0.00 5.21 13.089935 199919 4
0.00 6.98 13.106631 200174 3
0.00 6.14 13.137274 200642 14
0.00 5.03 13.167131 201098 2
0.00 7.19 13.197577 201563 9
0.00 6.23 13.227762 202024 9
0.00 10.98 13.258077 202487 20
0.00 8.28 13.317988 203402 4
0.00 5.01 13.318315 203407 9
0.00 8.03 13.348238 203864 14
0.00 9.10 13.378226 204322 9
0.00 5.43 13.408673 204787 20
0.00 10.65 13.438661 205245 14
0.00 6.65 13.468256 205697 3
0.00 5.45 13.498702 206162 6
0.00 9.33 13.529214 206628 14
0.00 10.47 13.559595 207092 14
0.00 9.96 13.589714 207552 9
0.00 5.25 13.590042 207557 9
0.00 8.95 13.650411 208479 9
0.00 5.69 13.650738 208484 9
0.00 13.93 13.680857 208944 14
0.00 13.55 13.741423 209869 14
0.00 11.59 13.771411 210327 9
0.00 10.47 13.801595 210788 9
0.00 8.64 13.831714 211248 14
0.00 9.47 13.861899 211709 9
0.00 11.14 13.892411 212175 14
0.00 8.60 13.922857 212640 14
0.00 7.02 13.953369 213106 14
0.00 5.81 13.984536 213582 4
0.00 9.49 14.014458 214039 6
0.00 5.64 14.01472 214043 6
0.00 9.06 14.045167 214508 9
0.00 12.99 14.076202 214982 14
0.00 6.18 14.076726 214990 14
0.00 9.28 14.10678 215449 9
0.00 6.39 14.107107 215454 9
0.00 10.58 14.137619 215920 14
0.00 12.02 14.168262 216388 14
0.00 7.17 14.198577 216851 9
0.00 6.45 14.229089 217317 6
0.00 11.44 14.259536 217782 14
0.00 9.24 14.289917 218246 9
0.00 6.61 14.32069 218716 14
0.00 8.30 14.35081 219176 9
0.00 8.48 14.38119 219640 6
0.00 5.63 14.411899 220109 14
0.00 11.00 14.442804 220581 20
0.00 8.05 14.473185 221045 9
0.00 11.93 14.503827 221513 14
0.00 6.90 14.565048 222448 14
0.00 8.17 14.595429 222912 14
0.00 7.21 14.686375 224301 4
0.00 10.32 14.716887 224767 14
0.00 6.70 14.74694 225226 6
0.00 7.18 14.777452 225692 14
0.00 11.08 14.807833 226156 14
0.00 5.56 14.808357 226164 14
0.00 6.79 14.83756 226610 9
0.00 10.95 14.867875 227073 6
0.00 6.59 14.928113 227993 6
0.00 9.91 14.95869 228460 14
0.00 6.68 14.988875 228921 2
0.00 7.91 15.019518 229389 14
0.00 13.31 15.050161 229857 9
0.00 5.71 15.050488 229862 9
0.00 6.12 15.080476 230320 14
0.00 10.32 15.140583 231238 6
0.00 11.33 15.200625 232155 9
0.00 5.53 15.200952 232160 9
0.00 7.90 15.230351 232609 14
0.00 5.42 15.260143 233064 20
0.00 6.92 15.289935 233519 9
0.00 10.98 15.349452 234428 14
0.00 8.75 15.379244 234883 14
0.00 9.86 15.409101 235339 14
0.00 7.13 15.438827 235793 9
0.00 11.82 15.468554 236247 9
0.00 8.39 15.498542 236705 14
0.00 11.16 15.528595 237164 14
0.00 6.06 15.55819 237616 14
0.00 10.88 15.617446 238521 14
0.00 7.15 15.676702 239426 9
0.00 9.94 15.706494 239881 9
0.00 7.20 15.736286 240336 14
0.00 7.98 15.82625 241710 14
0.00 8.33 15.856107 242166 14
0.00 5.26 15.886357 242628 6
0.00 7.88 15.916476 243088 14
0.00 5.82 15.97678 244009 9
0.00 11.24 16.007161 244473 14
0.00 8.01 16.037411 244935 9
0.00 8.32 16.067857 245400 9
0.00 6.67 16.128946 246333 9
0.00 12.15 16.159786 246804 14
0.00 6.98 16.16031 246812 14
0.00 7.12 16.190167 247268 14
0.00 5.98 16.220875 247737 14
0.00 8.16 16.251518 248205 4
0.00 6.79 16.281702 248666 20
0.00 6.94 16.342661 249597 6
0.00 6.10 16.3735 250068 6
0.00 7.22 16.403488 250526 9
0.00 5.07 16.408006 250595 70
0.00 5.09 16.451744 251263 30
0.00 10.50 16.464381 251456 9
0.00 6.52 16.464708 251461 9
0.00 7.93 16.495024 251924 9
0.00 5.22 16.500851 252013 100
0.00 8.94 16.525601 252391 9
0.00 5.98 16.525929 252396 9
0.00 5.04 16.54472 252683 20
0.00 6.82 16.58728 253333 9
0.00 7.37 16.593958 253435 100
0.00 6.22 16.617988 253802 6
0.00 9.16 16.648827 254273 6
0.00 10.27 16.679863 254747 9
0.00 7.69 16.710637 255217 14
0.00 7.35 16.738464 255642 150
0.00 13.84 16.803613 256637 14
0.00 8.97 16.834321 257106 9
0.00 5.75 16.865226 257578 9
0.00 7.22 16.891351 257977 150
0.00 6.48 16.938494 258697 70
0.00 7.32 16.990875 259497 100
0.00 11.07 17.020208 259945 9
0.00 6.74 17.041619 260272 100
0.00 8.37 17.051702 260426 14
0.00 6.53 17.082476 260896 6
0.00 5.25 17.091315 261031 70
0.00 7.31 17.113708 261373 4
0.00 9.84 17.144679 261846 9
0.00 8.21 17.176042 262325 4
0.00 6.35 17.186649 262487 100
0.00 11.18 17.207339 262803 14
0.00 9.08 17.238244 263275 9
0.00 6.44 17.269411 263751 9
0.00 5.68 17.279494 263905 100
0.00 7.45 17.300577 264227 9
0.00 7.31 17.328012 264646 150
0.00 10.76 17.363369 265186 9
0.00 6.87 17.3745 265356 150
0.00 9.51 17.393881 265652 9
0.00 10.32 17.425113 266129 14
0.00 6.57 17.456018 266601 14
0.00 7.17 17.517304 267537 4
0.00 9.84 17.548274 268010 14
0.00 8.75 17.579113 268481 14
0.00 8.34 17.640595 269420 9
0.00 11.79 17.701946 270357 9
0.00 5.77 17.732851 270829 6
0.00 9.78 17.76297 271289 9
0.00 12.79 17.793548 271756 14
0.00 5.94 17.823929 272220 9
0.00 8.11 17.854506 272687 6
0.00 9.57 17.885018 273153 9
0.00 10.98 17.915792 273623 14
0.00 11.04 17.946107 274086 14
0.00 9.33 17.977077 274559 3
0.00 5.06 17.977208 274561 3
0.00 7.28 18.007655 275026 14
0.00 8.39 18.130161 276897 14
0.00 8.12 18.160476 277360 14
0.00 8.43 18.190923 277825 9
0.00 7.59 18.221827 278297 3
0.00 8.88 18.251815 278755 6
0.00 6.30 18.282917 279230 2
0.00 8.49 18.313298 279694 9
0.00 9.43 18.34394 280162 6
0.00 5.22 18.344202 280166 6
0.00 7.81 18.374452 280628 9
0.00 5.03 18.39475 280938 30
0.00 8.42 18.405095 281096 14
0.00 9.25 18.435542 281561 9
0.00 10.29 18.46625 282030 14
0.00 12.08 18.496696 282495 9
0.00 6.84 18.527143 282960 9
0.00 5.06 18.534738 283076 1
0.00 10.00 18.557786 283428 14
0.00 8.13 18.588167 283892 14
0.00 6.73 18.618351 284353 14
0.00 12.82 18.648798 284818 14
0.00 7.72 18.70969 285748 14
0.00 5.43 18.771107 286686 14
0.00 10.66 18.801685 287153 9
0.00 8.74 18.832458 287623 4
0.00 7.18 18.863101 288091 6
0.00 7.29 18.893744 288559 14
0.00 5.46 18.894268 288567 14
0.00 6.20 18.95444 289486 9
0.00 6.51 19.015661 290421 6
0.00 11.95 19.046238 290888 9
0.00 8.05 19.076815 291355 9
0.00 6.47 19.107458 291823 9
0.00 5.50 19.138429 292296 9
0.00 7.71 19.168875 292761 9
0.00 6.46 19.19919 293224 4
0.00 5.01 19.199714 293232 3
0.00 9.49 19.260345 294158 6
0.00 13.57 19.290726 294622 14
0.00 6.50 19.351488 295550 14
0.00 12.61 19.382065 296017 14
0.00 9.54 19.412381 296480 14
0.00 6.74 19.442958 296947 14
0.00 5.12 19.504244 297883 9
0.00 9.24 19.535018 298353 9
0.00 6.25 19.535345 298358 9
0.00 7.97 19.566054 298827 3
0.00 9.62 19.59722 299303 14
0.00 8.05 19..658768 300243 3
0.00 7.71 19.659226 300250 3
0.00 6.91 19.720774 301190 9
0.00 9.70 19.752202 301670 9
0.00 7.90 19.782845 302138 9
0.00 11.52 19.813619 302608 14
0.00 7.36 19.844655 303082 14
0.00 9.72 19.87556 303554 6
0.00 11.34 19.937304 304497 9
0.00 8.04 19.937631 304502 9
0.00 11.32 19.968536 304974 14
0.00 8.42 19.999637 305449 14
0.00 6.29 20.030411 305919 14
0.00 9.01 20.061577 306395 14
0.00 10.64 20.12319 307336 20
0.00 11.81 20.154161 307809 14
0.00 10.78 20.215643 308748 14
0.00 8.66 20.24622 309215 14
0.00 12.52 20.27719 309688 14
0.00 8.69 20.308161 310161 6
0.00 10.61 20.338869 310630 9
0.00 5.91 20.399042 311549 70
0.00 6.80 20.432042 312053 6
0.00 5.27 20.439702 312170 1
0.00 6.95 20.493786 312996 6
0.00 11.92 20.523905 313456 9
0.00 6.15 20.58519 314392 3
0.00 7.41 20.616226 314866 20
0.00 6.58 20.64772 315347 45
0.00 8.44 20.678232 315813 14
0.00 5.15 20.709071 316284 14
0.00 7.99 20.740238 316760 14
0.00 11.25 20.771077 317231 9
0.00 5.42 20.771405 317236 9
0.00 6.28 20.83328 318181 6
0.00 10.86 20.864185 318653 14
0.00 11.13 20.894565 319117 6
0.00 9.77 21.017006 320987 9
0.00 7.03 21.017333 320992 9
0.00 11.88 21.048304 321465 9
0.00 6.45 21.078619 321928 14
0.00 7.61 21.134274 322778 100
0.00 6.94 21.17094 323338 6
0.00 6.30 21.181155 323494 100
0.00 8.80 21.229804 324237 100
0.00 6.29 21.263 324744 14
0.00 11.77 21.293577 325211 14
0.00 5.19 21.299994 325309 70
0.00 5.96 21.324024 325676 14
0.00 9.72 21.354143 326136 6
0.00 5.87 21.369464 326370 100
0.00 9.58 21.384786 326604 9
0.00 10.63 21.415756 327077 14
0.00 5.43 21.416476 327088 20
0.00 7.82 21.446268 327543 14
0.00 7.40 21.465845 327842 70
0.00 5.30 21.47678 328009 9
0.00 7.26 21.517702 328634 45
0.00 13.65 21.569167 329420 14
0.00 9.51 21.600006 329891 14
0.00 6.39 21.618929 330180 70
0.00 11.86 21.630714 330360 14
0.00 6.34 21.631238 330368 14
0.00 7.96 21.661554 330831 14
0.00 6.94 21.691869 331294 6
0.00 10.87 21.722446 331761 14
0.00 8.80 21.753024 332228 9
0.00 6.32 21.813524 333152 4
0.00 6.91 21.824458 333319 70
0.00 9.35 21.844167 333620 9
0.00 8.85 21.874744 334087 9
0.00 8.17 21.905387 334555 6
0.00 7.37 21.917631 334742 100
0.00 12.87 21.936161 335025 14
0.00 11.33 21.967 335496 14
0.00 9.38 21.997315 335959 9
0.00 10.25 22.027893 336426 14
0.00 7.17 22.104696 337599 150
0.00 9.89 22.18006 338750 9
0.00 6.43 22.241018 339681 9
0.00 6.63 22.301911 340611 14
0.00 12.75 22.332423 341077 14
0.00 10.26 22.362804 341541 14
0.00 6.02 22.392923 342001 6
0.00 9.58 22.422911 342459 9
0.00 9.85 22.483542 343385 14
0.00 11.37 22.514054 343851 9
0.00 10.92 22.543976 344308 14
0.00 5.67 22.604738 345236 9
0.00 9.09 22.634988 345698 6
0.00 13.42 22.665631 346166 9
0.00 7.45 22.665958 346171 9
0.00 12.35 22.696339 346635 20
0.00 10.24 22.726786 347100 9
0.00 5.93 22.727113 347105 9
0.00 12.08 22.757429 347568 14
0.00 7.28 22.849423 348973 6
0.00 14.74 22.879804 349437 20
0.00 7.19 22.909857 349896 3
0.00 6.27 22.971536 350838 9
0.00 6.37 23.002179 351306 9
0.00 5.77 23.034196 351795 45
0.00 5.58 23.063726 352246 4
0.00 9.73 23.094435 352715 6
0.00 12.23 23.125208 353185 9
0.00 6.57 23.155917 353654 6
0.00 12.75 23.217923 354601 14
0.00 5.04 23.234881 354860 9
0.00 12.79 23.248827 355073 9
0.00 5.59 23.249155 355078 9
0.00 11.94 23.279077 355535 9
0.00 8.23 23.309524 356000 9
0.00 9.15 23.401387 357403 9
0.00 5.37 23.432357 357876 9
0.00 9.82 23.462607 358338 9
0.00 5.71 23.462935 358343 4
0.00 9.09 23.49325 358806 9
0.00 5.31 23.554536 359742 4
0.00 5.99 23.584917 360206 3
0.00 6.86 23.64594 361138 14
0.00 6.70 23.676518 361605 14
0.00 9.00 23.737738 362540 4
0.00 10.91 23.768839 363015 14
0.00 5.39 23.800071 363492 6
0.00 8.41 23.861292 364427 9
0.00 5.95 23.923101 365371 9
0.00 8.65 23.954137 365845 14
0.00 5.33 23.985304 366321 20
0.00 5.56 24.015881 366788 9
0.00 11.48 24.046262 367252 9
0.00 6.19 24.076905 367720 14
0.00 7.77 24.10722 368183 14
0.00 6.12 24.137667 368648 9
0.00 11.68 24.199345 369590 14
0.00 11.48 24.229923 370057 14
0.00 5.99 24.353214 371940 20
0.00 6.72 24.383923 372409 14
0.00 11.63 24.414565 372877 14
0.00 5.67 24.507083 374290 14
0.00 9.90 24.5685 375228 9
0.00 6.13 24.568827 375233 9
0.00 6.46 24.66069 376636 6
0.00 6.93 24.691268 377103 3
0.00 5.95 24.722435 377579 4
0.00 6.35 24.753208 378049 20
0.00 8.59 24.814429 378984 14
0.00 5.20 24.84481 379448 4
0.00 6.28 24.875911 379923 6
0.00 6.35 24.906554 380391 6
0.00 8.40 24.936607 380850 9
0.00 9.25 24.967119 381316 14
0.00 5.89 25.058327 382709 6
0.00 7.16 25.089298 383182 4
0.00 8.06 25.119482 383643 30
0.00 5.85 25.120595 383660 30
0.00 6.35 25.15019 384112 4
0.00 7.49 25.180702 384578 9
0.00 8.66 25.271845 385970 14
0.00 9.65 25.302226 386434 14
0.00 6.90 25.332476 386896 9
0.00 12.11 25.362792 387359 14
0.00 5.66 25.42375 388290 4
0.00 11.63 25.453869 388750 14
0.00 8.44 25.514304 389673 9
0.00 5.62 25.575065 390601 3
0.00 5.33 25.635565 391525 70
0.00 7.25 25.665357 391980 9
0.00 8.13 25.695411 392439 9
0.00 5.84 25.740917 393134 1
0.00 8.27 25.755911 393363 14
0.00 5.23 25.785833 393820 2
0.00 10.21 25.816738 394292 4
0.00 8.19 25.846661 394749 14
0.00 7.81 25.876583 395206 6
0.00 6.34 25.906702 395666 4
0.00 6.19 25.937214 396132 20
0.00 7.25 25.967464 396594 20
0.00 5.36 26.027768 397515 14
0.00 7.84 26.05756 397970 9
0.00 5.24 26.117798 398890 4
0.00 7.69 26.148244 399355 14
0.00 5.76 26.208875 400281 6
0.00 9.13 26.26944 401206 14
0.00 7.17 26.32981 402128 14
0.00 10.92 26.360387 402595 14
0.00 7.99 26.369554 402735 70
0.00 6.78 26.39044 403054 9
0.00 7.83 26.418137 403477 100
0.00 6.99 26.481518 404445 14
0.00 11.18 26.511637 404905 9
0.00 7.87 26.55747 405605 150
0.00 7.25 26.572333 405832 9
0.00 5.27 26.572661 405837 9
0.00 9.27 26.6035 406308 45
0.00 5.03 26.605006 406331 45
0.00 5.59 26.633881 406772 3
0.00 7.23 26.654375 407085 100
0.00 8.26 26.694119 407692 9
0.00 6.86 26.702696 407823 100
0.00 7.38 26.724762 408160 9
0.00 9.89 26.752851 408589 100
0.00 6.39 26.75619 408640 100
0.00 7.34 26.803595 409364 100
0.00 6.77 26.854405 410140 70
0.00 5.13 26.856762 410176 70
0.00 10.76 26.90731 410948 14
0.00 6.99 26.937821 411414 9
0.00 6.61 26.958185 411725 100
0.00 8.76 27.008405 412492 100
0.00 7.91 27.030863 412835 14
0.00 5.12 27.058363 413255 70
0.00 7.83 27.093131 413786 6
0.00 5.95 27.104327 413957 45
0.00 5.32 27.123577 414251 3
0.00 14.19 27.154613 414725 14
0.00 5.28 27.203196 415467 70
0.00 8.26 27.215833 415660 9
0.00 10.09 27.246804 416133 14
0.00 8.39 27.277577 416603 3
0.00 5.35 27.293095 416840 150
0.00 6.74 27.30822 417071 9
0.00 9.87 27.338732 417537 45
0.00 6.61 27.341155 417574 70
0.00 6.39 27.369833 418012 14
0.00 6.23 27.400607 418482 3
0.00 5.88 27.431446 418953 4
0.00 8.13 27.462286 419424 9
0.00 8.91 27.52403 420367 14
0.00 5.97 27.555065 420841 14
0.00 5.87 27.585839 421311 9
0.00 6.14 27.61681 421784 9
0.00 8.19 27.678881 422732 9
0.00 5.33 27.709589 423201 9
0.00 6.17 27.740298 423670 14
0.00 5.72 27.770679 424134 9
0.00 6.82 27.801321 424602 6
0.00 10.02 27.862804 425541 6
0.00 6.51 27.893512 426010 3
0.00 5.48 27.955976 426964 14
0.00 6.04 27.986881 427436 2
0.00 7.86 28.018048 427912 3
0.00 7.16 28.04928 428389 6
0.00 5.16 28.142518 429813 9
0.00 5.89 28.172506 430271 45
0.00 8.89 28.204262 430756 14
0.00 6.53 28.204786 430764 14
0.00 6.84 28.234774 431222 9
0.00 9.07 28.296649 432167 14
0.00 11.44 28.358393 433110 9
0.00 9.38 28.41994 434050 9
0.00 5.58 28.420268 434055 9
0.00 11.05 28.450714 434520 9
0.00 7.34 28.451042 434525 9
0.00 5.40 28.481881 434996 14
0.00 5.89 28.543494 435937 14
0.00 10.62 28.574006 436403 9
0.00 6.13 28.605238 436880 6
0.00 5.96 28.635226 437338 14
0.00 5.54 28.665214 437796 4
0.00 14.04 28.725911 438723 9
0.00 10.92 28.756488 439190 6
0.00 9.79 28.786673 439651 9
0.00 6.65 28.787 439656 9
0.00 9.99 28.81725 440118 14
0.00 9.16 28.847827 440585 6
0.00 6.75 28.939821 441990 6
0.00 8.42 28.970071 442452 9
0.00 5.53 28.970399 442457 9
0.00 5.96 29.000714 442920 6
0.00 7.58 29.030964 443382 9
0.00 5.03 29.035482 443451 1
0.00 8.26 29.061935 443855 14
0.00 8.09 29.092185 444317 9
0.00 12.99 29.123351 444793 14
0.00 12.17 29.154125 445263 14
0.00 7.18 29.184702 445730 9
0.00 9.27 29.276958 447139 9
0.00 9.71 29.308125 447615 9
0.00 5.83 29.338571 448080 14
0.00 8.21 29.369149 448547 14
0.00 8.47 29.430369 449482 14
0.00 8.42 29.461274 449954 6
0.00 11.70 29.491262 450412 9
0.00 5.04 29.516274 450794 1
0.00 8.78 29.521905 450880 9
0.00 5.82 29.583125 451815 9
0.00 7.95 29.614161 452289 9
0.00 8.66 29.644476 452752 9
0.00 5.55 29.644804 452757 9
0.00 10.86 29.675381 453224 14
0.00 11.81 29.705893 453690 14
0.00 6.83 29.736339 454155 14
0.00 7.06 29.766655 454618 9
0.00 9.92 29.827548 455548 14
0.00 10.84 29.857601 456007 9
0.00 5.23 29.888179 456474 14
0.00 5.53 29.918298 456934 14
0.00 6.00 29.97906 457862 14
0.00 7.94 30.009179 458322 6
0.00 13.32 30.039821 458790 14
0.00 6.26 30.040345 458798 14
0.00 10.13 30.06994 459250 14
0.00 12.71 30.100452 459716 14
0.00 6.18 30.100976 459724 14
0.00 7.07 30.16056 460634 2
0.00 7.16 30.191268 461103 14
0.00 17.08 30.221649 461567 14
0.00 8.50 30.251637 462025 9
0.00 6.90 30.282018 462489 14
0.00 5.29 30.312202 462950 14
0.00 11.45 30.342256 463409 9
0.00 8.73 30.372571 463872 14
0.00 11.01 30.402952 464336 14
0.00 12.20 30.433333 464800 14
0.00 6.89 30.46378 465265 14
0.00 7.68 30.524214 466188 14
0.00 6.86 30.554399 466649 9
0.00 11.85 30.584976 467116 9
0.00 6.83 30.585304 467121 4
0.00 8.24 30.615292 467579 9
0.00 5.47 30.645411 468039 9
0.00 6.59 30.676054 468507 14
0.00 5.41 30.706173 468967 14
0.00 6.78 30.736488 469430 14
0.00 12.94 30.766673 469891 14
0.00 5.67 30.796923 470353 6
0.00 6.47 30.827173 470815 9
0.00 5.52 30.857554 471279 2
0.00 6.52 30.888327 471749 14
0.00 12.73 30.949613 472685 14
0.00 5.97 30.980256 473153 14
0.00 9.40 31.01103 473623 14
0.00 6.30 31.041542 474089 9
0.00 7.32 31.072315 474559 20
0.00 9.07 31.133208 475489 14
0.00 8.11 31.194232 476421 14
0.00 7.16 31.224744 476887 14
0.00 9.95 31.255976 477364 14
0.00 8.48 31.286881 477836 14
0.00 14.59 31.318048 478312 14
0.00 8.45 31.348952 478784 9
0.00 5.35 31.357726 478918 100
0.00 6.74 31.379923 479257 6
0.00 9.45 31.406637 479665 150
0.00 6.58 31.548655 481834 100
0.00 9.11 31.594488 482534 45
0.00 6.43 31.626375 483021 6
0.00 5.95 31.649815 483379 70
0.00 5.55 31.657214 483492 6
0.00 10.73 31.688381 483968 9
0.00 6.65 31.688708 483973 9
0.00 5.45 31.750714 484920 45
0.00 8.15 31.780571 485376 14
0.00 7.35 31.811083 485842 14
0.00 5.95 31.841595 486308 6
0.00 5.42 31.853446 486489 70
0.00 12.59 31.872631 486782 9
0.00 10.36 31.903077 487247 14
0.00 6.93 31.933589 487713 9